0.08 3.46601
0.1 4.3255
0.11 4.87525
0.12 5.26513
0.13 5.56506
0.14 5.81503
0.15 6.02502
0.16 6.16501
0.17 6.2725
0.18 6.33625
0.19 6.36563
0.2 6.35781
0.21 6.34141
0.22 6.3282
0.23 6.2891
0.24 6.23705
0.25 6.18103
0.26 6.10801
0.27 6.01651
0.28 5.93325
0.29 5.87413
0.3 5.81206
0.31 5.74353
0.32 5.67927
0.33 5.60963
0.34 5.52982
0.35 5.44741
0.36 5.3812
0.37 5.3456
0.38 5.2928
0.39 5.2364
0.4 5.1932
0.41 5.1416
0.42 5.0758
0.43 5.0204
0.44 4.9977
0.45 4.96635
0.46 4.92317
0.47 4.89409
0.48 4.86204
0.49 4.81852
0.5 4.76426
0.51 4.73463
0.52 4.72731
0.53 4.70866
0.54 4.68433
0.55 4.66966
0.56 4.64483
0.57 4.61492
0.58 4.58746
0.59 4.58123
0.6 4.58061
0.61 4.57281
0.62 4.5589
0.63 4.55445
0.64 4.53723
0.65 4.51111
0.66 4.50056
0.67 4.51028
0.68 4.51264
0.69 4.50382
0.7 4.50941
0.71 4.51471
0.72 4.49985
0.73 4.48993
0.74 4.50246
0.75 4.53123
0.76 4.54312
0.77 4.55656
0.78 4.57578
0.79 4.57789
0.8 4.58645
0.81 4.61072
0.82 4.66036
0.83 4.70768
0.84 4.74884
0.85 4.80442
0.86 4.86221
0.87 4.91111
0.88 4.96555
0.89 5.06528
0.9 5.18264
0.91 5.29382
0.92 5.42941
0.93 5.58221
0.94 5.7436
0.95 5.9168
